 0.60284  1.52822e-02
 0.60585  1.52898e-02
 0.60888  1.52761e-02
 0.61192  1.52653e-02
 0.61498  1.52553e-02
 0.61806  1.52491e-02
 0.62115  1.52409e-02
 0.62425  1.52435e-02
 0.62737  1.52392e-02
 0.63051  1.52419e-02
 0.63366  1.52315e-02
 0.63683  1.52250e-02
 0.64002  1.52171e-02
 0.64322  1.52439e-02
 0.64643  1.52865e-02
 0.64967  1.52326e-02
 0.65291  1.52148e-02
 0.65618  1.51976e-02
 0.65946  1.51944e-02
 0.66276  1.51854e-02
 0.66607  1.51690e-02
 0.66940  1.51564e-02
 0.67275  1.51460e-02
 0.67611  1.51406e-02
 0.67949  1.51362e-02
 0.68289  1.51383e-02
 0.68630  1.51559e-02
 0.68974  1.52105e-02
 0.69318  1.52783e-02
 0.69665  1.52377e-02
 0.70013  1.52822e-02
 0.70363  1.52463e-02
 0.70715  1.52035e-02
 0.71069  1.52412e-02
 0.71424  1.53538e-02
 0.71781  1.54311e-02
 0.72140  1.54152e-02
 0.72501  1.54617e-02
 0.72863  1.54740e-02
 0.73228  1.53712e-02
 0.73594  1.53337e-02
 0.73962  1.52857e-02
 0.74332  1.51947e-02
 0.74703  1.51502e-02
 0.75077  1.51132e-02
 0.75452  1.50839e-02
 0.75829  1.50752e-02
 0.76209  1.50673e-02
 0.76590  1.50605e-02
 0.76973  1.50638e-02
 0.77357  1.50633e-02
 0.77744  1.50760e-02
 0.78133  1.50849e-02
 0.78524  1.51048e-02
 0.78916  1.51472e-02
 0.79311  1.51531e-02
 0.79707  1.51790e-02
 0.80106  1.51513e-02
 0.80506  1.51855e-02
 0.80909  1.53414e-02
 0.81313  1.54343e-02
 0.81720  1.53168e-02
 0.82129  1.53592e-02
 0.82539  1.53590e-02
 0.82952  1.53237e-02
 0.83367  1.54084e-02
 0.83784  1.54323e-02
 0.84202  1.53939e-02
 0.84623  1.53676e-02
 0.85047  1.53594e-02
 0.85472  1.53444e-02
 0.85899  1.53345e-02
 0.86329  1.53365e-02
 0.86760  1.54032e-02
 0.87194  1.54352e-02
 0.87630  1.54519e-02
 0.88068  1.55203e-02
 0.88509  1.58571e-02
 0.88951  1.63692e-02
 0.89396  1.63637e-02
 0.89843  1.64268e-02
 0.90292  1.61413e-02
 0.90744  1.60605e-02
 0.91197  1.58607e-02
 0.91653  1.56225e-02
 0.92112  1.55473e-02
 0.92572  1.57452e-02
 0.93035  1.59869e-02
 0.93500  1.58521e-02
 0.93968  1.57603e-02
 0.94437  1.57665e-02
 0.94910  1.58555e-02
 0.95384  1.59155e-02
 0.95861  1.59530e-02
 0.96340  1.59010e-02
 0.96822  1.56921e-02
 0.97306  1.57910e-02
 0.97793  1.57842e-02
 0.98282  1.57860e-02
 0.98773  1.57919e-02
 0.99267  1.59229e-02
 0.99763  1.59092e-02
 1.00262  1.60113e-02
 1.00763  1.59280e-02
 1.01267  1.59159e-02
 1.01774  1.58223e-02
 1.02282  1.58148e-02
 1.02794  1.57869e-02
 1.03308  1.56439e-02
 1.03824  1.54781e-02
 1.04344  1.53578e-02
 1.04865  1.52965e-02
 1.05390  1.52655e-02
 1.05917  1.52576e-02
 1.06446  1.52722e-02
 1.06978  1.52808e-02
 1.07513  1.53029e-02
 1.08051  1.53492e-02
 1.08591  1.54192e-02
 1.09134  1.55792e-02
 1.09680  1.56374e-02
 1.10228  1.57975e-02
 1.10779  1.60275e-02
 1.11333  1.62675e-02
 1.11890  1.64980e-02
 1.12449  1.64526e-02
 1.13011  1.64241e-02
 1.13577  1.64658e-02
 1.14144  1.63009e-02
 1.14715  1.63994e-02
 1.15289  1.66604e-02
 1.15865  1.67141e-02
 1.16444  1.65717e-02
 1.17027  1.67997e-02
 1.17612  1.65678e-02
 1.18200  1.64937e-02
 1.18791  1.64471e-02
 1.19385  1.62023e-02
 1.19982  1.59527e-02
 1.20582  1.57807e-02
 1.21185  1.56554e-02
 1.21790  1.55428e-02
 1.22399  1.54776e-02
 1.23011  1.54373e-02
 1.23626  1.53800e-02
 1.24245  1.53194e-02
 1.24866  1.52816e-02
 1.25490  1.52578e-02
 1.26118  1.52632e-02
 1.26748  1.52606e-02
 1.27382  1.53206e-02
 1.28019  1.53820e-02
 1.28659  1.54704e-02
 1.29302  1.55650e-02
 1.29949  1.57481e-02
 1.30599  1.58267e-02
 1.31252  1.58997e-02
 1.31908  1.59635e-02
 1.32567  1.62770e-02
 1.33230  1.64808e-02
 1.33896  1.65319e-02
 1.34566  1.65867e-02
 1.35239  1.68033e-02
 1.35915  1.69281e-02
 1.36594  1.68174e-02
 1.37277  1.69895e-02
 1.37964  1.70718e-02
 1.38654  1.70178e-02
 1.39347  1.70646e-02
 1.40044  1.70031e-02
 1.40744  1.69015e-02
 1.41447  1.68194e-02
 1.42155  1.67649e-02
 1.42865  1.66851e-02
 1.43580  1.65634e-02
 1.44298  1.64176e-02
 1.45019  1.63269e-02
 1.45744  1.62365e-02
 1.46473  1.62388e-02
 1.47205  1.61050e-02
 1.47941  1.60404e-02
 1.48681  1.59697e-02
 1.49425  1.59249e-02
 1.50172  1.57823e-02
 1.50923  1.57220e-02
 1.51677  1.56160e-02
 1.52436  1.55299e-02
 1.53198  1.54987e-02
 1.53964  1.54764e-02
 1.54733  1.54762e-02
 1.55507  1.55337e-02
 1.56285  1.55098e-02
 1.57066  1.54884e-02
 1.57851  1.54622e-02
 1.58641  1.54925e-02
 1.59434  1.56143e-02
 1.60231  1.58367e-02
 1.61032  1.61127e-02
 1.61837  1.63346e-02
 1.62647  1.64282e-02
 1.63460  1.65106e-02
 1.64277  1.66022e-02
 1.65099  1.66028e-02
 1.65924  1.66407e-02
 1.66754  1.67786e-02
 1.67587  1.66185e-02
 1.68425  1.67949e-02
 1.69267  1.69934e-02
 1.70114  1.69173e-02
 1.70964  1.69291e-02
 1.71819  1.67646e-02
 1.72678  1.69018e-02
 1.73542  1.67971e-02
 1.74409  1.67596e-02
 1.75281  1.67955e-02
 1.76158  1.68654e-02
 1.77039  1.68491e-02
 1.77924  1.67790e-02
 1.78813  1.67922e-02
 1.79707  1.66445e-02
 1.80606  1.67111e-02
 1.81509  1.67232e-02
 1.82417  1.67402e-02
 1.83329  1.68063e-02
 1.84245  1.66774e-02
 1.85167  1.66213e-02
 1.86092  1.67389e-02
 1.87023  1.65991e-02
 1.87958  1.63576e-02
 1.88898  1.63295e-02
 1.89842  1.64691e-02
 1.90791  1.64612e-02
 1.91745  1.63993e-02
 1.92704  1.63020e-02
 1.93668  1.62623e-02
 1.94636  1.62874e-02
 1.95609  1.62145e-02
 1.96587  1.60710e-02
 1.97570  1.59775e-02
 1.98558  1.59291e-02
 1.99551  1.58856e-02
 2.00549  1.58298e-02
 2.01551  1.58175e-02
 2.02559  1.58146e-02
 2.03572  1.58226e-02
 2.04590  1.58422e-02
 2.05613  1.58590e-02
 2.06641  1.58748e-02
 2.07674  1.58987e-02
 2.08712  1.59393e-02
 2.09756  1.59848e-02
 2.10805  1.60263e-02
 2.11859  1.61577e-02
 2.12918  1.63082e-02
 2.13983  1.63252e-02
 2.15052  1.63923e-02
 2.16128  1.65667e-02
 2.17208  1.65149e-02
 2.18294  1.65491e-02
 2.19386  1.70480e-02
 2.20483  1.69603e-02
 2.21585  1.67196e-02
 2.22693  1.69098e-02
 2.23807  1.71966e-02
 2.24926  1.74058e-02
 2.26050  1.73066e-02
 2.27181  1.73850e-02
 2.28316  1.75374e-02
 2.29458  1.74099e-02
 2.30605  1.71318e-02
 2.31758  1.74163e-02
 2.32917  1.73727e-02
 2.34082  1.74628e-02
 2.35252  1.73197e-02
 2.36428  1.73860e-02
 2.37611  1.73453e-02
 2.38799  1.72699e-02
 2.39993  1.71617e-02
 2.41193  1.70353e-02
 2.42398  1.70607e-02
 2.43610  1.69146e-02
 2.44829  1.68284e-02
 2.46053  1.67787e-02
 2.47283  1.66815e-02
 2.48519  1.66828e-02
 2.49762  1.66740e-02
 2.51011  1.66821e-02
 2.52266  1.67419e-02
 2.53527  1.68582e-02
 2.54795  1.68937e-02
 2.56069  1.69722e-02
 2.57349  1.70381e-02
 2.58636  1.70890e-02
 2.59929  1.70250e-02
 2.61229  1.69684e-02
 2.62535  1.68993e-02
 2.63847  1.67286e-02
 2.65167  1.69167e-02
 2.66493  1.70330e-02
 2.67825  1.69877e-02
 2.69164  1.70136e-02
 2.70510  1.68468e-02
 2.71863  1.66301e-02
 2.73222  1.67116e-02
 2.74588  1.67314e-02
 2.75961  1.68235e-02
 2.77341  1.68908e-02
 2.78727  1.67666e-02
 2.80121  1.67164e-02
 2.81522  1.67417e-02
 2.82929  1.66340e-02
 2.84344  1.65514e-02
 2.85766  1.64523e-02
 2.87194  1.63527e-02
 2.88630  1.62901e-02
 2.90074  1.63026e-02
 2.91524  1.62505e-02
 2.92982  1.60846e-02
 2.94446  1.61142e-02
 2.95919  1.62620e-02
 2.97398  1.61809e-02
 2.98885  1.60876e-02
 3.00380  1.61872e-02
 3.01882  1.62041e-02
 3.03391  1.62298e-02
 3.04908  1.62023e-02
 3.06432  1.61664e-02
 3.07965  1.63577e-02
 3.09504  1.65000e-02
 3.11052  1.65572e-02
 3.12607  1.66841e-02
 3.14170  1.69298e-02
 3.15741  1.69921e-02
 3.17320  1.72139e-02
 3.18906  1.73934e-02
 3.20501  1.74059e-02
 3.22103  1.74134e-02
 3.23714  1.73845e-02
 3.25333  1.71966e-02
 3.26959  1.70713e-02
 3.28594  1.71172e-02
 3.30237  1.76537e-02
 3.31888  1.81652e-02
 3.33548  1.75224e-02
 3.35215  1.72887e-02
 3.36891  1.72646e-02
 3.38576  1.73148e-02
 3.40269  1.73533e-02
 3.41970  1.72456e-02
 3.43680  1.73031e-02
 3.45398  1.74462e-02
 3.47125  1.73489e-02
 3.48861  1.71620e-02
 3.50605  1.70294e-02
 3.52358  1.73025e-02
 3.54120  1.70528e-02
 3.55891  1.68616e-02
 3.57670  1.69775e-02
 3.59459  1.71148e-02
 3.61256  1.69990e-02
 3.63062  1.68012e-02
 3.64877  1.66938e-02
 3.66702  1.66102e-02
 3.68535  1.66615e-02
 3.70378  1.67425e-02
 3.72230  1.66707e-02
 3.74091  1.65726e-02
 3.75961  1.65247e-02
 3.77841  1.65307e-02
 3.79730  1.63813e-02
 3.81629  1.63354e-02
 3.83537  1.64059e-02
 3.85455  1.64630e-02
 3.87382  1.65717e-02
 3.89319  1.64487e-02
 3.91266  1.64310e-02
 3.93222  1.63432e-02
 3.95188  1.63049e-02
 3.97164  1.61793e-02
 3.99150  1.61549e-02
 4.01146  1.60796e-02
 4.03151  1.59936e-02
 4.05167  1.60579e-02
 4.07193  1.60794e-02
 4.09229  1.60636e-02
 4.11275  1.59342e-02
 4.13332  1.59402e-02
 4.15398  1.59865e-02
 4.17475  1.59557e-02
 4.19563  1.58167e-02
 4.21660  1.58449e-02
 4.23769  1.57995e-02
 4.25887  1.57671e-02
 4.28017  1.57449e-02
 4.30157  1.57086e-02
 4.32308  1.57017e-02
 4.34469  1.58012e-02
 4.36642  1.57577e-02
 4.38825  1.57297e-02
 4.41019  1.57148e-02
 4.43224  1.57760e-02
 4.45440  1.57899e-02
 4.47667  1.57512e-02
 4.49906  1.57013e-02
 4.52155  1.57507e-02
 4.54416  1.56364e-02
 4.56688  1.56594e-02
 4.58972  1.56314e-02
 4.61266  1.57368e-02
 4.63573  1.57062e-02
 4.65891  1.57444e-02
 4.68220  1.56771e-02
 4.70561  1.57724e-02
 4.72914  1.56843e-02
 4.75279  1.57483e-02
 4.77655  1.58660e-02
 4.80043  1.57822e-02
 4.82443  1.58213e-02
 4.84856  1.57841e-02
 4.87280  1.58000e-02
 4.89716  1.58289e-02
 4.92165  1.58669e-02
 4.94626  1.60316e-02
 4.97099  1.59049e-02
 4.99584  1.59934e-02
 5.02082  1.60732e-02
 5.04593  1.59270e-02
 5.07116  1.60346e-02
 5.09651  1.59884e-02
 5.12200  1.61369e-02
 5.14761  1.60973e-02
 5.17334  1.60760e-02
 5.19921  1.62938e-02
 5.22521  1.62040e-02
 5.25133  1.61840e-02
 5.27759  1.62535e-02
 5.30398  1.61652e-02
 5.33050  1.63768e-02
 5.35715  1.64589e-02
 5.38393  1.63339e-02
 5.41085  1.65588e-02
 5.43791  1.64848e-02
 5.46510  1.65080e-02
 5.49242  1.63818e-02
 5.51989  1.64344e-02
 5.54749  1.65970e-02
 5.57522  1.66212e-02
 5.60310  1.67108e-02
 5.63111  1.67279e-02
 5.65927  1.66524e-02
 5.68757  1.67084e-02
 5.71600  1.67681e-02
 5.74458  1.67470e-02
 5.77331  1.67107e-02
 5.80217  1.68573e-02
 5.83118  1.68615e-02
 5.86034  1.68624e-02
 5.88964  1.68554e-02
 5.91909  1.69098e-02
 5.94869  1.69176e-02
 5.97843  1.68774e-02
 6.00832  1.67258e-02
 6.03836  1.69094e-02
 6.06855  1.68714e-02
 6.09890  1.68034e-02
 6.12939  1.67140e-02
 6.16004  1.67867e-02
 6.19084  1.66043e-02
 6.22179  1.65447e-02
 6.25290  1.64737e-02
 6.28417  1.64684e-02
 6.31559  1.66231e-02
 6.34717  1.67507e-02
 6.37890  1.68303e-02
 6.41080  1.71625e-02
 6.44285  1.70891e-02
 6.47506  1.72769e-02
 6.50744  1.70747e-02
 6.53998  1.69107e-02
 6.57268  1.69229e-02
 6.60554  1.71205e-02
 6.63857  1.69973e-02
 6.67176  1.68031e-02
 6.70512  1.68864e-02
 6.73864  1.67699e-02
 6.77234  1.68123e-02
 6.80620  1.68878e-02
 6.84023  1.69130e-02
 6.87443  1.67576e-02
 6.90880  1.66094e-02
 6.94335  1.68140e-02
 6.97806  1.68706e-02
 7.01296  1.69130e-02
 7.04802  1.68795e-02
 7.08326  1.68484e-02
 7.11868  1.69314e-02
 7.15427  1.70707e-02
 7.19004  1.70511e-02
 7.22599  1.70291e-02
 7.26212  1.72270e-02
 7.29843  1.73405e-02
 7.33492  1.73855e-02
 7.37160  1.73600e-02
 7.40846  1.74059e-02
 7.44550  1.75077e-02
 7.48273  1.73616e-02
 7.52014  1.72287e-02
 7.55774  1.69952e-02
 7.59553  1.69882e-02
 7.63351  1.71794e-02
 7.67167  1.76622e-02
 7.71003  1.77885e-02
 7.74858  1.75390e-02
 7.78733  1.74783e-02
 7.82626  1.72792e-02
 7.86539  1.71400e-02
 7.90472  1.73149e-02
 7.94424  1.72310e-02
 7.98397  1.72547e-02
 8.02389  1.71671e-02
 8.06400  1.71558e-02
 8.10432  1.69904e-02
 8.14485  1.69431e-02
 8.18557  1.68939e-02
 8.22650  1.68411e-02
 8.26763  1.67898e-02
 8.30897  1.67338e-02
 8.35051  1.66162e-02
 8.39227  1.67127e-02
 8.43423  1.65699e-02
 8.47640  1.64315e-02
 8.51878  1.64140e-02
 8.56138  1.63726e-02
 8.60418  1.63311e-02
 8.64720  1.62534e-02
 8.69044  1.61819e-02
 8.73389  1.61216e-02
 8.77756  1.62030e-02
 8.82145  1.60589e-02
 8.86556  1.60561e-02
 8.90988  1.61117e-02
 8.95443  1.60176e-02
 8.99920  1.60982e-02
 9.04420  1.60107e-02
 9.08942  1.59637e-02
 9.13487  1.60471e-02
 9.18054  1.59879e-02
 9.22645  1.59189e-02
 9.27258  1.59852e-02
 9.31894  1.59455e-02
 9.36554  1.59114e-02
 9.41236  1.59377e-02
 9.45943  1.59400e-02
 9.50672  1.59168e-02
 9.55426  1.58838e-02
 9.60203  1.58894e-02
 9.65004  1.58971e-02
 9.69829  1.59248e-02
 9.74678  1.59094e-02
 9.79551  1.59122e-02
 9.84449  1.59070e-02
 9.89371  1.58984e-02
 9.94318  1.58610e-02
 9.99290  1.58751e-02
10.04286  1.58637e-02
10.09308  1.58445e-02
10.14354  1.58468e-02
10.19426  1.58606e-02
10.24523  1.58755e-02
10.29646  1.58935e-02
10.34794  1.58903e-02
10.39968  1.58959e-02
10.45168  1.58735e-02
10.50394  1.58517e-02
10.55646  1.58639e-02
10.60924  1.58469e-02
10.66228  1.58383e-02
10.71560  1.58635e-02
10.76917  1.58611e-02
10.82302  1.58769e-02
10.87713  1.58673e-02
10.93152  1.58954e-02
10.98618  1.59258e-02
11.04111  1.58694e-02
11.09631  1.58685e-02
11.15180  1.58599e-02
11.20755  1.58816e-02
11.26359  1.58956e-02
11.31991  1.59164e-02
11.37651  1.59180e-02
11.43339  1.58761e-02
11.49056  1.58857e-02
11.54801  1.58900e-02
11.60575  1.58873e-02
11.66378  1.59792e-02
11.72210  1.60487e-02
11.78071  1.58894e-02
11.83961  1.59050e-02
11.89881  1.59272e-02
11.95831  1.58824e-02
12.01810  1.58935e-02
12.07819  1.59130e-02
12.13858  1.58683e-02
12.19927  1.59218e-02
12.26027  1.59524e-02
12.32157  1.59257e-02
12.38318  1.60042e-02
12.44509  1.60062e-02
12.50732  1.61105e-02
12.56986  1.60285e-02
12.63270  1.58992e-02
12.69587  1.59563e-02
12.75935  1.59385e-02
12.82314  1.59810e-02
12.88726  1.59390e-02
12.95170  1.59353e-02
13.01645  1.59280e-02
13.08154  1.59266e-02
13.14694  1.59378e-02
13.21268  1.60413e-02
13.27874  1.60097e-02
13.34514  1.59715e-02
13.41186  1.60788e-02
13.47892  1.60412e-02
13.54632  1.59713e-02
13.61405  1.59939e-02
13.68212  1.60485e-02
13.75053  1.59325e-02
13.81928  1.59421e-02
13.88838  1.59625e-02
13.95782  1.60264e-02
14.02761  1.59815e-02
14.09775  1.60369e-02
14.16824  1.61351e-02
14.23908  1.60237e-02
14.31027  1.61394e-02
14.38182  1.61239e-02
14.45373  1.61796e-02
14.52600  1.60935e-02
14.59863  1.59462e-02
14.67162  1.59899e-02
14.74498  1.59877e-02
14.81871  1.60629e-02
14.89280  1.61642e-02
14.96726  1.60279e-02
15.04210  1.60502e-02
15.11731  1.61104e-02
15.19290  1.59989e-02
15.26886  1.60368e-02
15.34521  1.60311e-02
15.42193  1.60125e-02
15.49904  1.61162e-02
15.57654  1.61645e-02
15.65442  1.62050e-02
15.73269  1.62397e-02
15.81136  1.60693e-02
15.89041  1.61113e-02
15.96986  1.62569e-02
16.04971  1.61409e-02
16.12996  1.61340e-02
16.21061  1.61934e-02
16.29167  1.60911e-02
16.37312  1.60397e-02
16.45499  1.61084e-02
16.53726  1.61581e-02
16.61995  1.62309e-02
16.70305  1.61137e-02
16.78657  1.61867e-02
16.87050  1.62586e-02
16.95485  1.60648e-02
