 0.60284  0.60585 1.572279678e-02 0.0 0.0 1.572279678e-02
 0.60585  0.60888 1.568195880e-02 0.0 0.0 1.568195880e-02
 0.60888  0.61192 1.561930560e-02 0.0 0.0 1.561930560e-02
 0.61192  0.61498 1.555944136e-02 0.0 0.0 1.555944136e-02
 0.61498  0.61806 1.550459122e-02 0.0 0.0 1.550459122e-02
 0.61806  0.62115 1.545356141e-02 0.0 0.0 1.545356141e-02
 0.62115  0.62425 1.540557866e-02 0.0 0.0 1.540557866e-02
 0.62425  0.62737 1.536145678e-02 0.0 0.0 1.536145678e-02
 0.62737  0.63051 1.531976575e-02 0.0 0.0 1.531976575e-02
 0.63051  0.63366 1.528619518e-02 0.0 0.0 1.528619518e-02
 0.63366  0.63683 1.524622929e-02 0.0 0.0 1.524622929e-02
 0.63683  0.64002 1.521094881e-02 0.0 0.0 1.521094881e-02
 0.64002  0.64322 1.518110449e-02 0.0 0.0 1.518110449e-02
 0.64322  0.64643 1.517192237e-02 0.0 0.0 1.517192237e-02
 0.64643  0.64967 1.517664688e-02 0.0 0.0 1.517664688e-02
 0.64967  0.65291 1.512136918e-02 0.0 0.0 1.512136918e-02
 0.65291  0.65618 1.509203354e-02 0.0 0.0 1.509203354e-02
 0.65618  0.65946 1.506254653e-02 0.0 0.0 1.506254653e-02
 0.65946  0.66276 1.504641172e-02 0.0 0.0 1.504641172e-02
 0.66276  0.66607 1.502962669e-02 0.0 0.0 1.502962669e-02
 0.66607  0.66940 1.500848276e-02 0.0 0.0 1.500848276e-02
 0.66940  0.67275 1.499136342e-02 0.0 0.0 1.499136342e-02
 0.67275  0.67611 1.497717056e-02 0.0 0.0 1.497717056e-02
 0.67611  0.67949 1.496645544e-02 0.0 0.0 1.496645544e-02
 0.67949  0.68289 1.495676166e-02 0.0 0.0 1.495676166e-02
 0.68289  0.68630 1.495298314e-02 0.0 0.0 1.495298314e-02
 0.68630  0.68974 1.496300123e-02 0.0 0.0 1.496300123e-02
 0.68974  0.69318 1.500263117e-02 0.0 0.0 1.500263117e-02
 0.69318  0.69665 1.506225290e-02 0.0 0.0 1.506225290e-02
 0.69665  0.70013 1.504109820e-02 0.0 0.0 1.504109820e-02
 0.70013  0.70363 1.509333066e-02 0.0 0.0 1.509333066e-02
 0.70363  0.70715 1.507987816e-02 0.0 0.0 1.507987816e-02
 0.70715  0.71069 1.504981905e-02 0.0 0.0 1.504981905e-02
 0.71069  0.71424 1.508369962e-02 0.0 0.0 1.508369962e-02
 0.71424  0.71781 1.517138882e-02 0.0 0.0 1.517138882e-02
 0.71781  0.72140 1.523319169e-02 0.0 0.0 1.523319169e-02
 0.72140  0.72501 1.522250530e-02 0.0 0.0 1.522250530e-02
 0.72501  0.72863 1.526995504e-02 0.0 0.0 1.526995504e-02
 0.72863  0.73228 1.528975161e-02 0.0 0.0 1.528975161e-02
 0.73228  0.73594 1.522816733e-02 0.0 0.0 1.522816733e-02
 0.73594  0.73962 1.521530181e-02 0.0 0.0 1.521530181e-02
 0.73962  0.74332 1.519702243e-02 0.0 0.0 1.519702243e-02
 0.74332  0.74703 1.516195555e-02 0.0 0.0 1.516195555e-02
 0.74703  0.75077 1.516426522e-02 0.0 0.0 1.516426522e-02
 0.75077  0.75452 1.517718307e-02 0.0 0.0 1.517718307e-02
 0.75452  0.75829 1.520069496e-02 0.0 0.0 1.520069496e-02
 0.75829  0.76209 1.523485955e-02 0.0 0.0 1.523485955e-02
 0.76209  0.76590 1.526543866e-02 0.0 0.0 1.526543866e-02
 0.76590  0.76973 1.510958770e-02 0.0 0.0 1.510958770e-02
 0.76973  0.77357 1.528303178e-02 0.0 0.0 1.528303178e-02
 0.77357  0.77744 1.576309958e-02 0.0 0.0 1.576309958e-02
 0.77744  0.78133 1.575505169e-02 0.0 0.0 1.575505169e-02
 0.78133  0.78524 1.550337460e-02 0.0 0.0 1.550337460e-02
 0.78524  0.78916 1.538563506e-02 0.0 0.0 1.538563506e-02
 0.78916  0.79311 1.531964322e-02 0.0 0.0 1.531964322e-02
 0.79311  0.79707 1.525447700e-02 0.0 0.0 1.525447700e-02
 0.79707  0.80106 1.520889772e-02 0.0 0.0 1.520889772e-02
 0.80106  0.80506 1.515060475e-02 0.0 0.0 1.515060475e-02
 0.80506  0.80909 1.513798618e-02 0.0 0.0 1.513798618e-02
 0.80909  0.81313 1.521559451e-02 0.0 0.0 1.521559451e-02
 0.81313  0.81720 1.527091819e-02 0.0 0.0 1.527091819e-02
 0.81720  0.82129 1.516860773e-02 0.0 0.0 1.516860773e-02
 0.82129  0.82539 1.519567430e-02 0.0 0.0 1.519567430e-02
 0.82539  0.82952 1.519166285e-02 0.0 0.0 1.519166285e-02
 0.82952  0.83367 1.515222502e-02 0.0 0.0 1.515222502e-02
 0.83367  0.83784 1.520219962e-02 0.0 0.0 1.520219962e-02
 0.83784  0.84202 1.521245886e-02 0.0 0.0 1.521245886e-02
 0.84202  0.84623 1.517844014e-02 0.0 0.0 1.517844014e-02
 0.84623  0.85047 1.515780300e-02 0.0 0.0 1.515780300e-02
 0.85047  0.85472 1.514856641e-02 0.0 0.0 1.514856641e-02
 0.85472  0.85899 1.513755091e-02 0.0 0.0 1.513755091e-02
 0.85899  0.86329 1.513094480e-02 0.0 0.0 1.513094480e-02
 0.86329  0.86760 1.513383209e-02 0.0 0.0 1.513383209e-02
 0.86760  0.87194 1.518630941e-02 0.0 0.0 1.518630941e-02
 0.87194  0.87630 1.521689721e-02 0.0 0.0 1.521689721e-02
 0.87630  0.88068 1.524352341e-02 0.0 0.0 1.524352341e-02
 0.88068  0.88509 1.529970967e-02 0.0 0.0 1.529970967e-02
 0.88509  0.88951 1.557202723e-02 0.0 0.0 1.557202723e-02
 0.88951  0.89396 1.600665265e-02 0.0 0.0 1.600665265e-02
 0.89396  0.89843 1.600079823e-02 0.0 0.0 1.600079823e-02
 0.89843  0.90292 1.605526340e-02 0.0 0.0 1.605526340e-02
 0.90292  0.90744 1.580494645e-02 0.0 0.0 1.580494645e-02
 0.90744  0.91197 1.573563431e-02 0.0 0.0 1.573563431e-02
 0.91197  0.91653 1.556944678e-02 0.0 0.0 1.556944678e-02
 0.91653  0.92112 1.537316027e-02 0.0 0.0 1.537316027e-02
 0.92112  0.92572 1.532206171e-02 0.0 0.0 1.532206171e-02
 0.92572  0.93035 1.548556695e-02 0.0 0.0 1.548556695e-02
 0.93035  0.93500 1.568007438e-02 0.0 0.0 1.568007438e-02
 0.93500  0.93968 1.556591404e-02 0.0 0.0 1.556591404e-02
 0.93968  0.94437 1.548767941e-02 0.0 0.0 1.548767941e-02
 0.94437  0.94910 1.548696577e-02 0.0 0.0 1.548696577e-02
 0.94910  0.95384 1.556200898e-02 0.0 0.0 1.556200898e-02
 0.95384  0.95861 1.561341801e-02 0.0 0.0 1.561341801e-02
 0.95861  0.96340 1.564519788e-02 0.0 0.0 1.564519788e-02
 0.96340  0.96822 1.560297419e-02 0.0 0.0 1.560297419e-02
 0.96822  0.97306 1.543287358e-02 0.0 0.0 1.543287358e-02
 0.97306  0.97793 1.552474095e-02 0.0 0.0 1.552474095e-02
 0.97793  0.98282 1.552818447e-02 0.0 0.0 1.552818447e-02
 0.98282  0.98773 1.552588353e-02 0.0 0.0 1.552588353e-02
 0.98773  0.99267 1.554874920e-02 0.0 0.0 1.554874920e-02
 0.99267  0.99763 1.565014754e-02 0.0 0.0 1.565014754e-02
 0.99763  1.00262 1.564929997e-02 0.0 0.0 1.564929997e-02
 1.00262  1.00763 1.572375121e-02 0.0 0.0 1.572375121e-02
 1.00763  1.01267 1.566540069e-02 0.0 0.0 1.566540069e-02
 1.01267  1.01774 1.568122072e-02 0.0 0.0 1.568122072e-02
 1.01774  1.02282 1.564921196e-02 0.0 0.0 1.564921196e-02
 1.02282  1.02794 1.565443588e-02 0.0 0.0 1.565443588e-02
 1.02794  1.03308 1.563600789e-02 0.0 0.0 1.563600789e-02
 1.03308  1.03824 1.555405230e-02 0.0 0.0 1.555405230e-02
 1.03824  1.04344 1.541453395e-02 0.0 0.0 1.541453395e-02
 1.04344  1.04865 1.534990908e-02 0.0 0.0 1.534990908e-02
 1.04865  1.05390 1.529225663e-02 0.0 0.0 1.529225663e-02
 1.05390  1.05917 1.520509454e-02 0.0 0.0 1.520509454e-02
 1.05917  1.06446 1.517392154e-02 0.0 0.0 1.517392154e-02
 1.06446  1.06978 1.518421586e-02 0.0 0.0 1.518421586e-02
 1.06978  1.07513 1.519840284e-02 0.0 0.0 1.519840284e-02
 1.07513  1.08051 1.519296243e-02 0.0 0.0 1.519296243e-02
 1.08051  1.08591 1.522987953e-02 0.0 0.0 1.522987953e-02
 1.08591  1.09134 1.526344215e-02 0.0 0.0 1.526344215e-02
 1.09134  1.09680 1.536698291e-02 0.0 0.0 1.536698291e-02
 1.09680  1.10228 1.539999851e-02 0.0 0.0 1.539999851e-02
 1.10228  1.10779 1.552723464e-02 0.0 0.0 1.552723464e-02
 1.10779  1.11333 1.571639926e-02 0.0 0.0 1.571639926e-02
 1.11333  1.11890 1.592014500e-02 0.0 0.0 1.592014500e-02
 1.11890  1.12449 1.611592287e-02 0.0 0.0 1.611592287e-02
 1.12449  1.13011 1.607616431e-02 0.0 0.0 1.607616431e-02
 1.13011  1.13577 1.605176299e-02 0.0 0.0 1.605176299e-02
 1.13577  1.14144 1.608915811e-02 0.0 0.0 1.608915811e-02
 1.14144  1.14715 1.594778336e-02 0.0 0.0 1.594778336e-02
 1.14715  1.15289 1.603327153e-02 0.0 0.0 1.603327153e-02
 1.15289  1.15865 1.625852259e-02 0.0 0.0 1.625852259e-02
 1.15865  1.16444 1.630587419e-02 0.0 0.0 1.630587419e-02
 1.16444  1.17027 1.619126871e-02 0.0 0.0 1.619126871e-02
 1.17027  1.17612 1.638701645e-02 0.0 0.0 1.638701645e-02
 1.17612  1.18200 1.619627188e-02 0.0 0.0 1.619627188e-02
 1.18200  1.18791 1.613438650e-02 0.0 0.0 1.613438650e-02
 1.18791  1.19385 1.611315082e-02 0.0 0.0 1.611315082e-02
 1.19385  1.19982 1.595878196e-02 0.0 0.0 1.595878196e-02
 1.19982  1.20582 1.581408836e-02 0.0 0.0 1.581408836e-02
 1.20582  1.21185 1.572370869e-02 0.0 0.0 1.572370869e-02
 1.21185  1.21790 1.565019436e-02 0.0 0.0 1.565019436e-02
 1.21790  1.22399 1.560733356e-02 0.0 0.0 1.560733356e-02
 1.22399  1.23011 1.553459601e-02 0.0 0.0 1.553459601e-02
 1.23011  1.23626 1.548266630e-02 0.0 0.0 1.548266630e-02
 1.23626  1.24245 1.537474926e-02 0.0 0.0 1.537474926e-02
 1.24245  1.24866 1.532129715e-02 0.0 0.0 1.532129715e-02
 1.24866  1.25490 1.529724339e-02 0.0 0.0 1.529724339e-02
 1.25490  1.26118 1.524490547e-02 0.0 0.0 1.524490547e-02
 1.26118  1.26748 1.519792057e-02 0.0 0.0 1.519792057e-02
 1.26748  1.27382 1.520374321e-02 0.0 0.0 1.520374321e-02
 1.27382  1.28019 1.529357207e-02 0.0 0.0 1.529357207e-02
 1.28019  1.28659 1.540306252e-02 0.0 0.0 1.540306252e-02
 1.28659  1.29302 1.549860828e-02 0.0 0.0 1.549860828e-02
 1.29302  1.29949 1.553741855e-02 0.0 0.0 1.553741855e-02
 1.29949  1.30599 1.564932657e-02 0.0 0.0 1.564932657e-02
 1.30599  1.31252 1.569996062e-02 0.0 0.0 1.569996062e-02
 1.31252  1.31908 1.576184826e-02 0.0 0.0 1.576184826e-02
 1.31908  1.32567 1.581376179e-02 0.0 0.0 1.581376179e-02
 1.32567  1.33230 1.599771850e-02 0.0 0.0 1.599771850e-02
 1.33230  1.33896 1.613697947e-02 0.0 0.0 1.613697947e-02
 1.33896  1.34566 1.616248969e-02 0.0 0.0 1.616248969e-02
 1.34566  1.35239 1.620476247e-02 0.0 0.0 1.620476247e-02
 1.35239  1.35915 1.638568518e-02 0.0 0.0 1.638568518e-02
 1.35915  1.36594 1.648986515e-02 0.0 0.0 1.648986515e-02
 1.36594  1.37277 1.639416441e-02 0.0 0.0 1.639416441e-02
 1.37277  1.37964 1.654047793e-02 0.0 0.0 1.654047793e-02
 1.37964  1.38654 1.661064701e-02 0.0 0.0 1.661064701e-02
 1.38654  1.39347 1.656442813e-02 0.0 0.0 1.656442813e-02
 1.39347  1.40044 1.660418630e-02 0.0 0.0 1.660418630e-02
 1.40044  1.40744 1.655209053e-02 0.0 0.0 1.655209053e-02
 1.40744  1.41447 1.646630718e-02 0.0 0.0 1.646630718e-02
 1.41447  1.42155 1.639775110e-02 0.0 0.0 1.639775110e-02
 1.42155  1.42865 1.635753050e-02 0.0 0.0 1.635753050e-02
 1.42865  1.43580 1.629146940e-02 0.0 0.0 1.629146940e-02
 1.43580  1.44298 1.620912515e-02 0.0 0.0 1.620912515e-02
 1.44298  1.45019 1.609051268e-02 0.0 0.0 1.609051268e-02
 1.45019  1.45744 1.602220817e-02 0.0 0.0 1.602220817e-02
 1.45744  1.46473 1.601464811e-02 0.0 0.0 1.601464811e-02
 1.46473  1.47205 1.609526087e-02 0.0 0.0 1.609526087e-02
 1.47205  1.47941 1.607625677e-02 0.0 0.0 1.607625677e-02
 1.47941  1.48681 1.609388135e-02 0.0 0.0 1.609388135e-02
 1.48681  1.49425 1.613966910e-02 0.0 0.0 1.613966910e-02
 1.49425  1.50172 1.611543962e-02 0.0 0.0 1.611543962e-02
 1.50172  1.50923 1.604091889e-02 0.0 0.0 1.604091889e-02
 1.50923  1.51677 1.603055560e-02 0.0 0.0 1.603055560e-02
 1.51677  1.52436 1.604485470e-02 0.0 0.0 1.604485470e-02
 1.52436  1.53198 1.591763676e-02 0.0 0.0 1.591763676e-02
 1.53198  1.53964 1.586726726e-02 0.0 0.0 1.586726726e-02
 1.53964  1.54733 1.581384792e-02 0.0 0.0 1.581384792e-02
 1.54733  1.55507 1.576113588e-02 0.0 0.0 1.576113588e-02
 1.55507  1.56285 1.567827749e-02 0.0 0.0 1.567827749e-02
 1.56285  1.57066 1.563648066e-02 0.0 0.0 1.563648066e-02
 1.57066  1.57851 1.562009017e-02 0.0 0.0 1.562009017e-02
 1.57851  1.58641 1.555894690e-02 0.0 0.0 1.555894690e-02
 1.58641  1.59434 1.552473031e-02 0.0 0.0 1.552473031e-02
 1.59434  1.60231 1.556618883e-02 0.0 0.0 1.556618883e-02
 1.60231  1.61032 1.570748219e-02 0.0 0.0 1.570748219e-02
 1.61032  1.61837 1.587029953e-02 0.0 0.0 1.587029953e-02
 1.61837  1.62647 1.604785727e-02 0.0 0.0 1.604785727e-02
 1.62647  1.63460 1.613152720e-02 0.0 0.0 1.613152720e-02
 1.63460  1.64277 1.616705445e-02 0.0 0.0 1.616705445e-02
 1.64277  1.65099 1.624871175e-02 0.0 0.0 1.624871175e-02
 1.65099  1.65924 1.625075783e-02 0.0 0.0 1.625075783e-02
 1.65924  1.66754 1.627198655e-02 0.0 0.0 1.627198655e-02
 1.66754  1.67587 1.638948035e-02 0.0 0.0 1.638948035e-02
 1.67587  1.68425 1.624692267e-02 0.0 0.0 1.624692267e-02
 1.68425  1.69267 1.639551787e-02 0.0 0.0 1.639551787e-02
 1.69267  1.70114 1.655408100e-02 0.0 0.0 1.655408100e-02
 1.70114  1.70964 1.648820774e-02 0.0 0.0 1.648820774e-02
 1.70964  1.71819 1.649820307e-02 0.0 0.0 1.649820307e-02
 1.71819  1.72678 1.635808947e-02 0.0 0.0 1.635808947e-02
 1.72678  1.73542 1.647244394e-02 0.0 0.0 1.647244394e-02
 1.73542  1.74409 1.638264450e-02 0.0 0.0 1.638264450e-02
 1.74409  1.75281 1.635234093e-02 0.0 0.0 1.635234093e-02
 1.75281  1.76158 1.637888418e-02 0.0 0.0 1.637888418e-02
 1.76158  1.77039 1.643664531e-02 0.0 0.0 1.643664531e-02
 1.77039  1.77924 1.642267402e-02 0.0 0.0 1.642267402e-02
 1.77924  1.78813 1.636232033e-02 0.0 0.0 1.636232033e-02
 1.78813  1.79707 1.637396959e-02 0.0 0.0 1.637396959e-02
 1.79707  1.80606 1.624807532e-02 0.0 0.0 1.624807532e-02
 1.80606  1.81509 1.630450767e-02 0.0 0.0 1.630450767e-02
 1.81509  1.82417 1.631592036e-02 0.0 0.0 1.631592036e-02
 1.82417  1.83329 1.633092858e-02 0.0 0.0 1.633092858e-02
 1.83329  1.84245 1.638787141e-02 0.0 0.0 1.638787141e-02
 1.84245  1.85167 1.628048660e-02 0.0 0.0 1.628048660e-02
 1.85167  1.86092 1.623538210e-02 0.0 0.0 1.623538210e-02
 1.86092  1.87023 1.634454433e-02 0.0 0.0 1.634454433e-02
 1.87023  1.87958 1.622717061e-02 0.0 0.0 1.622717061e-02
 1.87958  1.88898 1.605093768e-02 0.0 0.0 1.605093768e-02
 1.88898  1.89842 1.605756794e-02 0.0 0.0 1.605756794e-02
 1.89842  1.90791 1.618758594e-02 0.0 0.0 1.618758594e-02
 1.90791  1.91745 1.623088744e-02 0.0 0.0 1.623088744e-02
 1.91745  1.92704 1.627386872e-02 0.0 0.0 1.627386872e-02
 1.92704  1.93668 1.624603750e-02 0.0 0.0 1.624603750e-02
 1.93668  1.94636 1.629980349e-02 0.0 0.0 1.629980349e-02
 1.94636  1.95609 1.628105760e-02 0.0 0.0 1.628105760e-02
 1.95609  1.96587 1.624786062e-02 0.0 0.0 1.624786062e-02
 1.96587  1.97570 1.622017762e-02 0.0 0.0 1.622017762e-02
 1.97570  1.98558 1.618602994e-02 0.0 0.0 1.618602994e-02
 1.98558  1.99551 1.601672592e-02 0.0 0.0 1.601672592e-02
 1.99551  2.00549 1.600993875e-02 0.0 0.0 1.600993875e-02
 2.00549  2.01551 1.602021274e-02 0.0 0.0 1.602021274e-02
 2.01551  2.02559 1.599005533e-02 0.0 0.0 1.599005533e-02
 2.02559  2.03572 1.590629587e-02 0.0 0.0 1.590629587e-02
 2.03572  2.04590 1.584083762e-02 0.0 0.0 1.584083762e-02
 2.04590  2.05613 1.577911371e-02 0.0 0.0 1.577911371e-02
 2.05613  2.06641 1.573568593e-02 0.0 0.0 1.573568593e-02
 2.06641  2.07674 1.570614893e-02 0.0 0.0 1.570614893e-02
 2.07674  2.08712 1.567622094e-02 0.0 0.0 1.567622094e-02
 2.08712  2.09756 1.569369840e-02 0.0 0.0 1.569369840e-02
 2.09756  2.10805 1.571424465e-02 0.0 0.0 1.571424465e-02
 2.10805  2.11859 1.572465050e-02 0.0 0.0 1.572465050e-02
 2.11859  2.12918 1.583555191e-02 0.0 0.0 1.583555191e-02
 2.12918  2.13983 1.597209365e-02 0.0 0.0 1.597209365e-02
 2.13983  2.15052 1.599118807e-02 0.0 0.0 1.599118807e-02
 2.15052  2.16128 1.606199428e-02 0.0 0.0 1.606199428e-02
 2.16128  2.17208 1.624144287e-02 0.0 0.0 1.624144287e-02
 2.17208  2.18294 1.625781149e-02 0.0 0.0 1.625781149e-02
 2.18294  2.19386 1.625301361e-02 0.0 0.0 1.625301361e-02
 2.19386  2.20483 1.665272781e-02 0.0 0.0 1.665272781e-02
 2.20483  2.21585 1.661862232e-02 0.0 0.0 1.661862232e-02
 2.21585  2.22693 1.642642063e-02 0.0 0.0 1.642642063e-02
 2.22693  2.23807 1.657405598e-02 0.0 0.0 1.657405598e-02
 2.23807  2.24926 1.678741188e-02 0.0 0.0 1.678741188e-02
 2.24926  2.26050 1.696081451e-02 0.0 0.0 1.696081451e-02
 2.26050  2.27181 1.689239049e-02 0.0 0.0 1.689239049e-02
 2.27181  2.28316 1.695320893e-02 0.0 0.0 1.695320893e-02
 2.28316  2.29458 1.706065598e-02 0.0 0.0 1.706065598e-02
 2.29458  2.30605 1.693570859e-02 0.0 0.0 1.693570859e-02
 2.30605  2.31758 1.671389025e-02 0.0 0.0 1.671389025e-02
 2.31758  2.32917 1.696486537e-02 0.0 0.0 1.696486537e-02
 2.32917  2.34082 1.694168432e-02 0.0 0.0 1.694168432e-02
 2.34082  2.35252 1.697979103e-02 0.0 0.0 1.697979103e-02
 2.35252  2.36428 1.684421197e-02 0.0 0.0 1.684421197e-02
 2.36428  2.37611 1.690852401e-02 0.0 0.0 1.690852401e-02
 2.37611  2.38799 1.686952325e-02 0.0 0.0 1.686952325e-02
 2.38799  2.39993 1.681489027e-02 0.0 0.0 1.681489027e-02
 2.39993  2.41193 1.670873894e-02 0.0 0.0 1.670873894e-02
 2.41193  2.42398 1.660911119e-02 0.0 0.0 1.660911119e-02
 2.42398  2.43610 1.662901421e-02 0.0 0.0 1.662901421e-02
 2.43610  2.44829 1.651042993e-02 0.0 0.0 1.651042993e-02
 2.44829  2.46053 1.643560420e-02 0.0 0.0 1.643560420e-02
 2.46053  2.47283 1.639873498e-02 0.0 0.0 1.639873498e-02
 2.47283  2.48519 1.632068522e-02 0.0 0.0 1.632068522e-02
 2.48519  2.49762 1.630495770e-02 0.0 0.0 1.630495770e-02
 2.49762  2.51011 1.629995104e-02 0.0 0.0 1.629995104e-02
 2.51011  2.52266 1.631262946e-02 0.0 0.0 1.631262946e-02
 2.52266  2.53527 1.636939878e-02 0.0 0.0 1.636939878e-02
 2.53527  2.54795 1.645470629e-02 0.0 0.0 1.645470629e-02
 2.54795  2.56069 1.651388633e-02 0.0 0.0 1.651388633e-02
 2.56069  2.57349 1.661544340e-02 0.0 0.0 1.661544340e-02
 2.57349  2.58636 1.665277491e-02 0.0 0.0 1.665277491e-02
 2.58636  2.59929 1.668264445e-02 0.0 0.0 1.668264445e-02
 2.59929  2.61229 1.660974975e-02 0.0 0.0 1.660974975e-02
 2.61229  2.62535 1.659118856e-02 0.0 0.0 1.659118856e-02
 2.62535  2.63847 1.655902065e-02 0.0 0.0 1.655902065e-02
 2.63847  2.65167 1.635677457e-02 0.0 0.0 1.635677457e-02
 2.65167  2.66493 1.654856384e-02 0.0 0.0 1.654856384e-02
 2.66493  2.67825 1.665635144e-02 0.0 0.0 1.665635144e-02
 2.67825  2.69164 1.658922228e-02 0.0 0.0 1.658922228e-02
 2.69164  2.70510 1.661740329e-02 0.0 0.0 1.661740329e-02
 2.70510  2.71863 1.649990821e-02 0.0 0.0 1.649990821e-02
 2.71863  2.73222 1.634786129e-02 0.0 0.0 1.634786129e-02
 2.73222  2.74588 1.637150598e-02 0.0 0.0 1.637150598e-02
 2.74588  2.75961 1.636634272e-02 0.0 0.0 1.636634272e-02
 2.75961  2.77341 1.648167567e-02 0.0 0.0 1.648167567e-02
 2.77341  2.78727 1.655478113e-02 0.0 0.0 1.655478113e-02
 2.78727  2.80121 1.646661658e-02 0.0 0.0 1.646661658e-02
 2.80121  2.81522 1.641654270e-02 0.0 0.0 1.641654270e-02
 2.81522  2.82929 1.650898802e-02 0.0 0.0 1.650898802e-02
 2.82929  2.84344 1.640986167e-02 0.0 0.0 1.640986167e-02
 2.84344  2.85766 1.632072306e-02 0.0 0.0 1.632072306e-02
 2.85766  2.87194 1.622129817e-02 0.0 0.0 1.622129817e-02
 2.87194  2.88630 1.622723474e-02 0.0 0.0 1.622723474e-02
 2.88630  2.90074 1.622153322e-02 0.0 0.0 1.622153322e-02
 2.90074  2.91524 1.623388529e-02 0.0 0.0 1.623388529e-02
 2.91524  2.92982 1.618644883e-02 0.0 0.0 1.618644883e-02
 2.92982  2.94446 1.606357895e-02 0.0 0.0 1.606357895e-02
 2.94446  2.95919 1.619043334e-02 0.0 0.0 1.619043334e-02
 2.95919  2.97398 1.624326852e-02 0.0 0.0 1.624326852e-02
 2.97398  2.98885 1.619878095e-02 0.0 0.0 1.619878095e-02
 2.98885  3.00380 1.632068579e-02 0.0 0.0 1.632068579e-02
 3.00380  3.01882 1.632168037e-02 0.0 0.0 1.632168037e-02
 3.01882  3.03391 1.615143871e-02 0.0 0.0 1.615143871e-02
 3.03391  3.04908 1.612261522e-02 0.0 0.0 1.612261522e-02
 3.04908  3.06432 1.608277808e-02 0.0 0.0 1.608277808e-02
 3.06432  3.07965 1.604430882e-02 0.0 0.0 1.604430882e-02
 3.07965  3.09504 1.620133620e-02 0.0 0.0 1.620133620e-02
 3.09504  3.11052 1.638228633e-02 0.0 0.0 1.638228633e-02
 3.11052  3.12607 1.638065265e-02 0.0 0.0 1.638065265e-02
 3.12607  3.14170 1.640478423e-02 0.0 0.0 1.640478423e-02
 3.14170  3.15741 1.658129672e-02 0.0 0.0 1.658129672e-02
 3.15741  3.17320 1.659717659e-02 0.0 0.0 1.659717659e-02
 3.17320  3.18906 1.678332253e-02 0.0 0.0 1.678332253e-02
 3.18906  3.20501 1.694522160e-02 0.0 0.0 1.694522160e-02
 3.20501  3.22103 1.693738711e-02 0.0 0.0 1.693738711e-02
 3.22103  3.23714 1.692141043e-02 0.0 0.0 1.692141043e-02
 3.23714  3.25333 1.689098162e-02 0.0 0.0 1.689098162e-02
 3.25333  3.26959 1.672919398e-02 0.0 0.0 1.672919398e-02
 3.26959  3.28594 1.662645956e-02 0.0 0.0 1.662645956e-02
 3.28594  3.30237 1.666233730e-02 0.0 0.0 1.666233730e-02
 3.30237  3.31888 1.710973598e-02 0.0 0.0 1.710973598e-02
 3.31888  3.33548 1.754522204e-02 0.0 0.0 1.754522204e-02
 3.33548  3.35215 1.699909094e-02 0.0 0.0 1.699909094e-02
 3.35215  3.36891 1.680044369e-02 0.0 0.0 1.680044369e-02
 3.36891  3.38576 1.677782399e-02 0.0 0.0 1.677782399e-02
 3.38576  3.40269 1.681938580e-02 0.0 0.0 1.681938580e-02
 3.40269  3.41970 1.685259146e-02 0.0 0.0 1.685259146e-02
 3.41970  3.43680 1.676157050e-02 0.0 0.0 1.676157050e-02
 3.43680  3.45398 1.681070121e-02 0.0 0.0 1.681070121e-02
 3.45398  3.47125 1.693837802e-02 0.0 0.0 1.693837802e-02
 3.47125  3.48861 1.685537750e-02 0.0 0.0 1.685537750e-02
 3.48861  3.50605 1.669703785e-02 0.0 0.0 1.669703785e-02
 3.50605  3.52358 1.659603716e-02 0.0 0.0 1.659603716e-02
 3.52358  3.54120 1.681850529e-02 0.0 0.0 1.681850529e-02
 3.54120  3.55891 1.660482934e-02 0.0 0.0 1.660482934e-02
 3.55891  3.57670 1.643886937e-02 0.0 0.0 1.643886937e-02
 3.57670  3.59459 1.654085629e-02 0.0 0.0 1.654085629e-02
 3.59459  3.61256 1.666858859e-02 0.0 0.0 1.666858859e-02
 3.61256  3.63062 1.657137145e-02 0.0 0.0 1.657137145e-02
 3.63062  3.64877 1.640836597e-02 0.0 0.0 1.640836597e-02
 3.64877  3.66702 1.635571087e-02 0.0 0.0 1.635571087e-02
 3.66702  3.68535 1.627514268e-02 0.0 0.0 1.627514268e-02
 3.68535  3.70378 1.629456938e-02 0.0 0.0 1.629456938e-02
 3.70378  3.72230 1.638985450e-02 0.0 0.0 1.638985450e-02
 3.72230  3.74091 1.635724056e-02 0.0 0.0 1.635724056e-02
 3.74091  3.75961 1.623375635e-02 0.0 0.0 1.623375635e-02
 3.75961  3.77841 1.620200828e-02 0.0 0.0 1.620200828e-02
 3.77841  3.79730 1.619168801e-02 0.0 0.0 1.619168801e-02
 3.79730  3.81629 1.605206159e-02 0.0 0.0 1.605206159e-02
 3.81629  3.83537 1.602459913e-02 0.0 0.0 1.602459913e-02
 3.83537  3.85455 1.608733843e-02 0.0 0.0 1.608733843e-02
 3.85455  3.87382 1.613070897e-02 0.0 0.0 1.613070897e-02
 3.87382  3.89319 1.622180346e-02 0.0 0.0 1.622180346e-02
 3.89319  3.91266 1.615642631e-02 0.0 0.0 1.615642631e-02
 3.91266  3.93222 1.612616264e-02 0.0 0.0 1.612616264e-02
 3.93222  3.95188 1.608997996e-02 0.0 0.0 1.608997996e-02
 3.95188  3.97164 1.604068661e-02 0.0 0.0 1.604068661e-02
 3.97164  3.99150 1.593836772e-02 0.0 0.0 1.593836772e-02
 3.99150  4.01146 1.596569990e-02 0.0 0.0 1.596569990e-02
 4.01146  4.03151 1.587449254e-02 0.0 0.0 1.587449254e-02
 4.03151  4.05167 1.579038380e-02 0.0 0.0 1.579038380e-02
 4.05167  4.07193 1.583149128e-02 0.0 0.0 1.583149128e-02
 4.07193  4.09229 1.591117501e-02 0.0 0.0 1.591117501e-02
 4.09229  4.11275 1.587833020e-02 0.0 0.0 1.587833020e-02
 4.11275  4.13332 1.579218107e-02 0.0 0.0 1.579218107e-02
 4.13332  4.15398 1.578243057e-02 0.0 0.0 1.578243057e-02
 4.15398  4.17475 1.583953191e-02 0.0 0.0 1.583953191e-02
 4.17475  4.19563 1.587252213e-02 0.0 0.0 1.587252213e-02
 4.19563  4.21660 1.598721260e-02 0.0 0.0 1.598721260e-02
 4.21660  4.23769 1.616693132e-02 0.0 0.0 1.616693132e-02
 4.23769  4.25887 1.627770058e-02 0.0 0.0 1.627770058e-02
 4.25887  4.28017 1.618056295e-02 0.0 0.0 1.618056295e-02
 4.28017  4.30157 1.621722221e-02 0.0 0.0 1.621722221e-02
 4.30157  4.32308 1.616329557e-02 0.0 0.0 1.616329557e-02
 4.32308  4.34469 1.611526358e-02 0.0 0.0 1.611526358e-02
 4.34469  4.36642 1.611087181e-02 0.0 0.0 1.611087181e-02
 4.36642  4.38825 1.594413865e-02 0.0 0.0 1.594413865e-02
 4.38825  4.41019 1.584931821e-02 0.0 0.0 1.584931821e-02
 4.41019  4.43224 1.580351715e-02 0.0 0.0 1.580351715e-02
 4.43224  4.45440 1.578366333e-02 0.0 0.0 1.578366333e-02
 4.45440  4.47667 1.575249085e-02 0.0 0.0 1.575249085e-02
 4.47667  4.49906 1.566109609e-02 0.0 0.0 1.566109609e-02
 4.49906  4.52155 1.557269068e-02 0.0 0.0 1.557269068e-02
 4.52155  4.54416 1.560867644e-02 0.0 0.0 1.560867644e-02
 4.54416  4.56688 1.553747058e-02 0.0 0.0 1.553747058e-02
 4.56688  4.58972 1.555092143e-02 0.0 0.0 1.555092143e-02
 4.58972  4.61266 1.551828271e-02 0.0 0.0 1.551828271e-02
 4.61266  4.63573 1.557089058e-02 0.0 0.0 1.557089058e-02
 4.63573  4.65891 1.553279874e-02 0.0 0.0 1.553279874e-02
 4.65891  4.68220 1.554222251e-02 0.0 0.0 1.554222251e-02
 4.68220  4.70561 1.550373802e-02 0.0 0.0 1.550373802e-02
 4.70561  4.72914 1.558257213e-02 0.0 0.0 1.558257213e-02
 4.72914  4.75279 1.549876967e-02 0.0 0.0 1.549876967e-02
 4.75279  4.77655 1.555686814e-02 0.0 0.0 1.555686814e-02
 4.77655  4.80043 1.564596275e-02 0.0 0.0 1.564596275e-02
 4.80043  4.82443 1.557748771e-02 0.0 0.0 1.557748771e-02
 4.82443  4.84856 1.558720542e-02 0.0 0.0 1.558720542e-02
 4.84856  4.87280 1.555154060e-02 0.0 0.0 1.555154060e-02
 4.87280  4.89716 1.555509889e-02 0.0 0.0 1.555509889e-02
 4.89716  4.92165 1.558762040e-02 0.0 0.0 1.558762040e-02
 4.92165  4.94626 1.561804549e-02 0.0 0.0 1.561804549e-02
 4.94626  4.97099 1.574043988e-02 0.0 0.0 1.574043988e-02
 4.97099  4.99584 1.564268956e-02 0.0 0.0 1.564268956e-02
 4.99584  5.02082 1.571935629e-02 0.0 0.0 1.571935629e-02
 5.02082  5.04593 1.578120659e-02 0.0 0.0 1.578120659e-02
 5.04593  5.07116 1.566990369e-02 0.0 0.0 1.566990369e-02
 5.07116  5.09651 1.575667003e-02 0.0 0.0 1.575667003e-02
 5.09651  5.12200 1.572486709e-02 0.0 0.0 1.572486709e-02
 5.12200  5.14761 1.584865597e-02 0.0 0.0 1.584865597e-02
 5.14761  5.17334 1.581702115e-02 0.0 0.0 1.581702115e-02
 5.17334  5.19921 1.580366864e-02 0.0 0.0 1.580366864e-02
 5.19921  5.22521 1.597832769e-02 0.0 0.0 1.597832769e-02
 5.22521  5.25133 1.589977801e-02 0.0 0.0 1.589977801e-02
 5.25133  5.27759 1.592463808e-02 0.0 0.0 1.592463808e-02
 5.27759  5.30398 1.598826457e-02 0.0 0.0 1.598826457e-02
 5.30398  5.33050 1.590127534e-02 0.0 0.0 1.590127534e-02
 5.33050  5.35715 1.607884599e-02 0.0 0.0 1.607884599e-02
 5.35715  5.38393 1.616613131e-02 0.0 0.0 1.616613131e-02
 5.38393  5.41085 1.605603811e-02 0.0 0.0 1.605603811e-02
 5.41085  5.43791 1.626175171e-02 0.0 0.0 1.626175171e-02
 5.43791  5.46510 1.615318371e-02 0.0 0.0 1.615318371e-02
 5.46510  5.49242 1.622828083e-02 0.0 0.0 1.622828083e-02
 5.49242  5.51989 1.618701388e-02 0.0 0.0 1.618701388e-02
 5.51989  5.54749 1.622672972e-02 0.0 0.0 1.622672972e-02
 5.54749  5.57522 1.626165127e-02 0.0 0.0 1.626165127e-02
 5.57522  5.60310 1.628102921e-02 0.0 0.0 1.628102921e-02
 5.60310  5.63111 1.639755437e-02 0.0 0.0 1.639755437e-02
 5.63111  5.65927 1.641897071e-02 0.0 0.0 1.641897071e-02
 5.65927  5.68757 1.642847818e-02 0.0 0.0 1.642847818e-02
 5.68757  5.71600 1.642887137e-02 0.0 0.0 1.642887137e-02
 5.71600  5.74458 1.642775217e-02 0.0 0.0 1.642775217e-02
 5.74458  5.77331 1.643031977e-02 0.0 0.0 1.643031977e-02
 5.77331  5.80217 1.641206887e-02 0.0 0.0 1.641206887e-02
 5.80217  5.83118 1.651689007e-02 0.0 0.0 1.651689007e-02
 5.83118  5.86034 1.650151187e-02 0.0 0.0 1.650151187e-02
 5.86034  5.88964 1.653987982e-02 0.0 0.0 1.653987982e-02
 5.88964  5.91909 1.649893302e-02 0.0 0.0 1.649893302e-02
 5.91909  5.94869 1.655327682e-02 0.0 0.0 1.655327682e-02
 5.94869  5.97843 1.662296014e-02 0.0 0.0 1.662296014e-02
 5.97843  6.00832 1.657093773e-02 0.0 0.0 1.657093773e-02
 6.00832  6.03836 1.642606449e-02 0.0 0.0 1.642606449e-02
 6.03836  6.06855 1.659278552e-02 0.0 0.0 1.659278552e-02
 6.06855  6.09890 1.659076994e-02 0.0 0.0 1.659076994e-02
 6.09890  6.12939 1.660336157e-02 0.0 0.0 1.660336157e-02
 6.12939  6.16004 1.666510409e-02 0.0 0.0 1.666510409e-02
 6.16004  6.19084 1.665590002e-02 0.0 0.0 1.665590002e-02
 6.19084  6.22179 1.649549294e-02 0.0 0.0 1.649549294e-02
 6.22179  6.25290 1.644610436e-02 0.0 0.0 1.644610436e-02
 6.25290  6.28417 1.641354424e-02 0.0 0.0 1.641354424e-02
 6.28417  6.31559 1.641673712e-02 0.0 0.0 1.641673712e-02
 6.31559  6.34717 1.646547828e-02 0.0 0.0 1.646547828e-02
 6.34717  6.37890 1.645254599e-02 0.0 0.0 1.645254599e-02
 6.37890  6.41080 1.653067034e-02 0.0 0.0 1.653067034e-02
 6.41080  6.44285 1.674513853e-02 0.0 0.0 1.674513853e-02
 6.44285  6.47506 1.669980425e-02 0.0 0.0 1.669980425e-02
 6.47506  6.50744 1.687445102e-02 0.0 0.0 1.687445102e-02
 6.50744  6.53998 1.672201483e-02 0.0 0.0 1.672201483e-02
 6.53998  6.57268 1.660542888e-02 0.0 0.0 1.660542888e-02
 6.57268  6.60554 1.663380490e-02 0.0 0.0 1.663380490e-02
 6.60554  6.63857 1.675878303e-02 0.0 0.0 1.675878303e-02
 6.63857  6.67176 1.663818525e-02 0.0 0.0 1.663818525e-02
 6.67176  6.70512 1.650850323e-02 0.0 0.0 1.650850323e-02
 6.70512  6.73864 1.654800290e-02 0.0 0.0 1.654800290e-02
 6.73864  6.77234 1.643352036e-02 0.0 0.0 1.643352036e-02
 6.77234  6.80620 1.647909285e-02 0.0 0.0 1.647909285e-02
 6.80620  6.84023 1.659563346e-02 0.0 0.0 1.659563346e-02
 6.84023  6.87443 1.655156802e-02 0.0 0.0 1.655156802e-02
 6.87443  6.90880 1.645438369e-02 0.0 0.0 1.645438369e-02
 6.90880  6.94335 1.634073990e-02 0.0 0.0 1.634073990e-02
 6.94335  6.97806 1.649601890e-02 0.0 0.0 1.649601890e-02
 6.97806  7.01296 1.653388291e-02 0.0 0.0 1.653388291e-02
 7.01296  7.04802 1.655519774e-02 0.0 0.0 1.655519774e-02
 7.04802  7.08326 1.654767028e-02 0.0 0.0 1.654767028e-02
 7.08326  7.11868 1.651152105e-02 0.0 0.0 1.651152105e-02
 7.11868  7.15427 1.654184559e-02 0.0 0.0 1.654184559e-02
 7.15427  7.19004 1.665085330e-02 0.0 0.0 1.665085330e-02
 7.19004  7.22599 1.662488393e-02 0.0 0.0 1.662488393e-02
 7.22599  7.26212 1.658845878e-02 0.0 0.0 1.658845878e-02
 7.26212  7.29843 1.676505125e-02 0.0 0.0 1.676505125e-02
 7.29843  7.33492 1.685325286e-02 0.0 0.0 1.685325286e-02
 7.33492  7.37160 1.689018467e-02 0.0 0.0 1.689018467e-02
 7.37160  7.40846 1.686409936e-02 0.0 0.0 1.686409936e-02
 7.40846  7.44550 1.690977929e-02 0.0 0.0 1.690977929e-02
 7.44550  7.48273 1.701107913e-02 0.0 0.0 1.701107913e-02
 7.48273  7.52014 1.687400353e-02 0.0 0.0 1.687400353e-02
 7.52014  7.55774 1.675676608e-02 0.0 0.0 1.675676608e-02
 7.55774  7.59553 1.656337445e-02 0.0 0.0 1.656337445e-02
 7.59553  7.63351 1.659123920e-02 0.0 0.0 1.659123920e-02
 7.63351  7.67167 1.672571281e-02 0.0 0.0 1.672571281e-02
 7.67167  7.71003 1.713194167e-02 0.0 0.0 1.713194167e-02
 7.71003  7.74858 1.723260607e-02 0.0 0.0 1.723260607e-02
 7.74858  7.78733 1.704591895e-02 0.0 0.0 1.704591895e-02
 7.78733  7.82626 1.698634380e-02 0.0 0.0 1.698634380e-02
 7.82626  7.86539 1.680299002e-02 0.0 0.0 1.680299002e-02
 7.86539  7.90472 1.669145662e-02 0.0 0.0 1.669145662e-02
 7.90472  7.94424 1.684269815e-02 0.0 0.0 1.684269815e-02
 7.94424  7.98397 1.677721845e-02 0.0 0.0 1.677721845e-02
 7.98397  8.02389 1.681615754e-02 0.0 0.0 1.681615754e-02
 8.02389  8.06400 1.675313715e-02 0.0 0.0 1.675313715e-02
 8.06400  8.10432 1.675182184e-02 0.0 0.0 1.675182184e-02
 8.10432  8.14485 1.659910197e-02 0.0 0.0 1.659910197e-02
 8.14485  8.18557 1.653944992e-02 0.0 0.0 1.653944992e-02
 8.18557  8.22650 1.650779485e-02 0.0 0.0 1.650779485e-02
 8.22650  8.26763 1.649526914e-02 0.0 0.0 1.649526914e-02
 8.26763  8.30897 1.644116419e-02 0.0 0.0 1.644116419e-02
 8.30897  8.35051 1.638705704e-02 0.0 0.0 1.638705704e-02
 8.35051  8.39227 1.636448295e-02 0.0 0.0 1.636448295e-02
 8.39227  8.43423 1.639659957e-02 0.0 0.0 1.639659957e-02
 8.43423  8.47640 1.624901672e-02 0.0 0.0 1.624901672e-02
 8.47640  8.51878 1.625260366e-02 0.0 0.0 1.625260366e-02
 8.51878  8.56138 1.618593877e-02 0.0 0.0 1.618593877e-02
 8.56138  8.60418 1.615288089e-02 0.0 0.0 1.615288089e-02
 8.60418  8.64720 1.624920873e-02 0.0 0.0 1.624920873e-02
 8.64720  8.69044 1.616198219e-02 0.0 0.0 1.616198219e-02
 8.69044  8.73389 1.602092737e-02 0.0 0.0 1.602092737e-02
 8.73389  8.77756 1.601869267e-02 0.0 0.0 1.601869267e-02
 8.77756  8.82145 1.610763417e-02 0.0 0.0 1.610763417e-02
 8.82145  8.86556 1.592155465e-02 0.0 0.0 1.592155465e-02
 8.86556  8.90988 1.596218664e-02 0.0 0.0 1.596218664e-02
 8.90988  8.95443 1.607403647e-02 0.0 0.0 1.607403647e-02
 8.95443  8.99920 1.604859751e-02 0.0 0.0 1.604859751e-02
 8.99920  9.04420 1.600482879e-02 0.0 0.0 1.600482879e-02
 9.04420  9.08942 1.600359259e-02 0.0 0.0 1.600359259e-02
 9.08942  9.13487 1.598164570e-02 0.0 0.0 1.598164570e-02
 9.13487  9.18054 1.604072026e-02 0.0 0.0 1.604072026e-02
 9.18054  9.22645 1.601325706e-02 0.0 0.0 1.601325706e-02
 9.22645  9.27258 1.589615100e-02 0.0 0.0 1.589615100e-02
 9.27258  9.31894 1.605931361e-02 0.0 0.0 1.605931361e-02
 9.31894  9.36554 1.600026401e-02 0.0 0.0 1.600026401e-02
 9.36554  9.41236 1.592182878e-02 0.0 0.0 1.592182878e-02
 9.41236  9.45943 1.584026513e-02 0.0 0.0 1.584026513e-02
 9.45943  9.50672 1.599244898e-02 0.0 0.0 1.599244898e-02
 9.50672  9.55426 1.599697136e-02 0.0 0.0 1.599697136e-02
 9.55426  9.60203 1.587732004e-02 0.0 0.0 1.587732004e-02
 9.60203  9.65004 1.582827991e-02 0.0 0.0 1.582827991e-02
 9.65004  9.69829 1.600205757e-02 0.0 0.0 1.600205757e-02
 9.69829  9.74678 1.593582446e-02 0.0 0.0 1.593582446e-02
 9.74678  9.79551 1.582190285e-02 0.0 0.0 1.582190285e-02
 9.79551  9.84449 1.576568938e-02 0.0 0.0 1.576568938e-02
 9.84449  9.89371 1.593059612e-02 0.0 0.0 1.593059612e-02
 9.89371  9.94318 1.593361724e-02 0.0 0.0 1.593361724e-02
 9.94318  9.99290 1.570084578e-02 0.0 0.0 1.570084578e-02
 9.99290 10.04286 1.567703864e-02 0.0 0.0 1.567703864e-02
10.04286 10.09308 1.586431022e-02 0.0 0.0 1.586431022e-02
10.09308 10.14354 1.575136871e-02 0.0 0.0 1.575136871e-02
10.14354 10.19426 1.561074543e-02 0.0 0.0 1.561074543e-02
10.19426 10.24523 1.565895861e-02 0.0 0.0 1.565895861e-02
10.24523 10.29646 1.577720514e-02 0.0 0.0 1.577720514e-02
10.29646 10.34794 1.619693439e-02 0.0 0.0 1.619693439e-02
10.34794 10.39968 1.664629040e-02 0.0 0.0 1.664629040e-02
10.39968 10.45168 1.653403454e-02 0.0 0.0 1.653403454e-02
10.45168 10.50394 1.629281965e-02 0.0 0.0 1.629281965e-02
10.50394 10.55646 1.620118018e-02 0.0 0.0 1.620118018e-02
10.55646 10.60924 1.602431564e-02 0.0 0.0 1.602431564e-02
10.60924 10.66228 1.604308510e-02 0.0 0.0 1.604308510e-02
10.66228 10.71560 1.630995985e-02 0.0 0.0 1.630995985e-02
10.71560 10.76917 1.657436973e-02 0.0 0.0 1.657436973e-02
10.76917 10.82302 1.639500173e-02 0.0 0.0 1.639500173e-02
10.82302 10.87713 1.608463441e-02 0.0 0.0 1.608463441e-02
10.87713 10.93152 1.604505841e-02 0.0 0.0 1.604505841e-02
10.93152 10.98618 1.612473396e-02 0.0 0.0 1.612473396e-02
10.98618 11.04111 1.612924315e-02 0.0 0.0 1.612924315e-02
11.04111 11.09631 1.584220553e-02 0.0 0.0 1.584220553e-02
11.09631 11.15180 1.576581045e-02 0.0 0.0 1.576581045e-02
11.15180 11.20755 1.578434357e-02 0.0 0.0 1.578434357e-02
11.20755 11.26359 1.595866496e-02 0.0 0.0 1.595866496e-02
11.26359 11.31991 1.583852140e-02 0.0 0.0 1.583852140e-02
11.31991 11.37651 1.575050805e-02 0.0 0.0 1.575050805e-02
11.37651 11.43339 1.575428968e-02 0.0 0.0 1.575428968e-02
11.43339 11.49056 1.584038984e-02 0.0 0.0 1.584038984e-02
11.49056 11.54801 1.594338636e-02 0.0 0.0 1.594338636e-02
11.54801 11.60575 1.581402588e-02 0.0 0.0 1.581402588e-02
11.60575 11.66378 1.571645990e-02 0.0 0.0 1.571645990e-02
11.66378 11.72210 1.594696900e-02 0.0 0.0 1.594696900e-02
11.72210 11.78071 1.612374936e-02 0.0 0.0 1.612374936e-02
11.78071 11.83961 1.597819737e-02 0.0 0.0 1.597819737e-02
11.83961 11.89881 1.583356124e-02 0.0 0.0 1.583356124e-02
11.89881 11.95831 1.579062875e-02 0.0 0.0 1.579062875e-02
11.95831 12.01810 1.597420874e-02 0.0 0.0 1.597420874e-02
12.01810 12.07819 1.603285902e-02 0.0 0.0 1.603285902e-02
12.07819 12.13858 1.607780261e-02 0.0 0.0 1.607780261e-02
12.13858 12.19927 1.584744705e-02 0.0 0.0 1.584744705e-02
12.19927 12.26027 1.591586969e-02 0.0 0.0 1.591586969e-02
12.26027 12.32157 1.599935266e-02 0.0 0.0 1.599935266e-02
12.32157 12.38318 1.595481960e-02 0.0 0.0 1.595481960e-02
12.38318 12.44509 1.599116695e-02 0.0 0.0 1.599116695e-02
12.44509 12.50732 1.586932515e-02 0.0 0.0 1.586932515e-02
12.50732 12.56986 1.607711341e-02 0.0 0.0 1.607711341e-02
12.56986 12.63270 1.602402310e-02 0.0 0.0 1.602402310e-02
12.63270 12.69587 1.596735786e-02 0.0 0.0 1.596735786e-02
12.69587 12.75935 1.610430644e-02 0.0 0.0 1.610430644e-02
12.75935 12.82314 1.593518546e-02 0.0 0.0 1.593518546e-02
12.82314 12.88726 1.595806280e-02 0.0 0.0 1.595806280e-02
12.88726 12.95170 1.593304019e-02 0.0 0.0 1.593304019e-02
12.95170 13.01645 1.589441478e-02 0.0 0.0 1.589441478e-02
13.01645 13.08154 1.595336804e-02 0.0 0.0 1.595336804e-02
13.08154 13.14694 1.588370933e-02 0.0 0.0 1.588370933e-02
13.14694 13.21268 1.588904854e-02 0.0 0.0 1.588904854e-02
13.21268 13.27874 1.594080602e-02 0.0 0.0 1.594080602e-02
13.27874 13.34514 1.595744554e-02 0.0 0.0 1.595744554e-02
13.34514 13.41186 1.604874553e-02 0.0 0.0 1.604874553e-02
13.41186 13.47892 1.600187324e-02 0.0 0.0 1.600187324e-02
13.47892 13.54632 1.593843848e-02 0.0 0.0 1.593843848e-02
13.54632 13.61405 1.591130347e-02 0.0 0.0 1.591130347e-02
13.61405 13.68212 1.589496311e-02 0.0 0.0 1.589496311e-02
13.68212 13.75053 1.601184642e-02 0.0 0.0 1.601184642e-02
13.75053 13.81928 1.596208504e-02 0.0 0.0 1.596208504e-02
13.81928 13.88838 1.589811335e-02 0.0 0.0 1.589811335e-02
13.88838 13.95782 1.585674934e-02 0.0 0.0 1.585674934e-02
13.95782 14.02761 1.586042420e-02 0.0 0.0 1.586042420e-02
14.02761 14.09775 1.599925668e-02 0.0 0.0 1.599925668e-02
14.09775 14.16824 1.598039484e-02 0.0 0.0 1.598039484e-02
14.16824 14.23908 1.602050774e-02 0.0 0.0 1.602050774e-02
14.23908 14.31027 1.591578063e-02 0.0 0.0 1.591578063e-02
14.31027 14.38182 1.597733787e-02 0.0 0.0 1.597733787e-02
14.38182 14.45373 1.602603539e-02 0.0 0.0 1.602603539e-02
14.45373 14.52600 1.609898243e-02 0.0 0.0 1.609898243e-02
14.52600 14.59863 1.600734717e-02 0.0 0.0 1.600734717e-02
14.59863 14.67162 1.593642595e-02 0.0 0.0 1.593642595e-02
14.67162 14.74498 1.592116523e-02 0.0 0.0 1.592116523e-02
14.74498 14.81871 1.590739143e-02 0.0 0.0 1.590739143e-02
14.81871 14.89280 1.600066662e-02 0.0 0.0 1.600066662e-02
14.89280 14.96726 1.633497138e-02 0.0 0.0 1.633497138e-02
14.96726 15.04210 1.619432281e-02 0.0 0.0 1.619432281e-02
15.04210 15.11731 1.601065379e-02 0.0 0.0 1.601065379e-02
15.11731 15.19290 1.602173744e-02 0.0 0.0 1.602173744e-02
15.19290 15.26886 1.591242325e-02 0.0 0.0 1.591242325e-02
15.26886 15.34521 1.595345177e-02 0.0 0.0 1.595345177e-02
15.34521 15.42193 1.608434232e-02 0.0 0.0 1.608434232e-02
15.42193 15.49904 1.602313591e-02 0.0 0.0 1.602313591e-02
15.49904 15.57654 1.603521740e-02 0.0 0.0 1.603521740e-02
15.57654 15.65442 1.608648119e-02 0.0 0.0 1.608648119e-02
15.65442 15.73269 1.603446994e-02 0.0 0.0 1.603446994e-02
15.73269 15.81136 1.612400963e-02 0.0 0.0 1.612400963e-02
15.81136 15.89041 1.614491732e-02 0.0 0.0 1.614491732e-02
15.89041 15.96986 1.611645589e-02 0.0 0.0 1.611645589e-02
15.96986 16.04971 1.608221446e-02 0.0 0.0 1.608221446e-02
16.04971 16.12996 1.596239788e-02 0.0 0.0 1.596239788e-02
16.12996 16.21061 1.604635660e-02 0.0 0.0 1.604635660e-02
16.21061 16.29167 1.605741455e-02 0.0 0.0 1.605741455e-02
16.29167 16.37312 1.592899624e-02 0.0 0.0 1.592899624e-02
16.37312 16.45499 1.584593542e-02 0.0 0.0 1.584593542e-02
16.45499 16.53726 1.585740088e-02 0.0 0.0 1.585740088e-02
16.53726 16.61995 1.591182151e-02 0.0 0.0 1.591182151e-02
16.61995 16.70305 1.594746060e-02 0.0 0.0 1.594746060e-02
16.70305 16.78657 1.586339116e-02 0.0 0.0 1.586339116e-02
16.78657 16.87050 1.594993118e-02 0.0 0.0 1.594993118e-02
16.87050 16.95485 1.602279816e-02 0.0 0.0 1.602279816e-02
16.95485 17.03941 1.582837312e-02 0.0 0.0 1.582837312e-02
